COX5A,APOE,DSP,NPR3,PLIN1
rs6450922,0,0,0,1,0
rs34741932,0,0,0,1,0
rs818126,0,0,0,1,0
rs1093565,0,0,0,1,0
rs764124,0,0,0,1,0
rs9716700,0,0,0,1,0
rs13169537,0,0,0,1,0
rs11750213,0,0,0,1,0
rs10036648,0,0,0,1,0
rs1147224,0,0,0,1,0
rs3792761,0,0,0,1,0
rs696831,0,0,0,1,0
rs696832,0,0,0,1,0
rs76732650,0,0,0,1,0
rs13180728,0,0,0,1,0
rs1060559,0,0,0,1,0
rs16890196,0,0,0,1,0
rs10078286,0,0,0,1,0
rs3792758,0,0,0,1,0
rs148545583,0,0,0,1,0
rs4421120,0,0,0,1,0
rs1173732,0,0,0,1,0
rs114926540,0,0,0,1,0
rs1173743,0,0,0,1,0
rs6864434,0,0,0,1,0
rs34555832,0,0,0,1,0
rs3811954,0,0,0,1,0
rs34732059,0,0,0,1,0
rs36087964,0,0,1,0,0
rs2294454,0,0,1,0,0
rs73373373,0,0,1,0,0
rs2744389,0,0,1,0,0
rs6899532,0,0,1,0,0
rs3823183,0,0,1,0,0
rs72825058,0,0,1,0,0
rs11756882,0,0,1,0,0
rs2237101,0,0,1,0,0
rs2806165,0,0,1,0,0
rs6913983,0,0,1,0,0
rs7774328,0,0,1,0,0
rs9392904,0,0,1,0,0
rs2076295,0,0,1,0,0
rs2744376,0,0,1,0,0
rs2806234,0,0,1,0,0
rs2842683,0,0,1,0,0
rs28763960,0,0,1,0,0
rs2806233,0,0,1,0,0
rs2076303,0,0,1,0,0
rs17143007,0,0,1,0,0
rs9505232,0,0,1,0,0
rs9791321,0,0,1,0,0
rs4960330,0,0,1,0,0
rs2295859,0,0,1,0,0
rs2064217,0,0,1,0,0
rs6942260,0,0,1,0,0
rs6929069,0,0,1,0,0
rs11558731,0,0,1,0,0
rs186231149,1,0,0,0,0
rs77391584,1,0,0,0,0
rs57437866,1,0,0,0,0
rs12148513,1,0,0,0,0
rs11072516,1,0,0,0,0
rs112095474,1,0,0,0,0
rs4886638,1,0,0,0,0
rs78324724,1,0,0,0,0
rs6495131,1,0,0,0,0
rs1052700,0,0,0,0,1
rs2304795,0,0,0,0,1
rs4032998,0,0,0,0,1
rs3825990,0,0,0,0,1
rs8179069,0,0,0,0,1
rs8179043,0,0,0,0,1
rs79081528,0,0,0,0,1
rs8179056,0,0,0,0,1
rs8179055,0,0,0,0,1
rs8179054,0,0,0,0,1
rs8179052,0,0,0,0,1
rs8179050,0,0,0,0,1
rs12906281,0,0,0,0,1
rs440446,0,1,0,0,0
rs769449,0,1,0,0,0
rs429358,0,1,0,0,0
rs7412,0,1,0,0,0
